0	5	-1	-1	2	2	-1	-1	1	1
1	5	-1	-1	4	4	0	0	3	3
2	5	0	0	5	5	-1	-1	4	4
3	5	-1	-1	8	7	1	1	6	6
4	5	1	1	11	10	2	2	8	9
5	5	2	2	13	13	-1	-1	11	12
6	5	-1	-1	16	15	3	3	14	14
7	6	3	3	18	17	8	8	16	16
8	6	3	3	9	9	4	4	7	7
9	6	8	8	21	20	4	4	18	19
10	6	4	4	23	23	11	11	21	22
11	6	4	4	12	12	5	5	10	10
12	6	11	11	24	24	5	5	23	23
13	5	5	5	25	25	-1	-1	24	24
14	5	-1	-1	27	27	6	6	26	26
15	6	6	6	28	28	16	16	27	27
16	6	6	6	29	29	7	7	15	15
17	7	7	7	30	30	18	18	29	29
18	7	7	7	19	19	9	9	17	17
19	7	18	18	32	31	9	9	30	30
20	7	9	9	34	34	21	21	32	33
21	7	9	9	22	22	10	10	20	20
22	7	21	21	35	35	10	10	34	34
23	6	10	10	24	24	12	12	35	35
24	5	12	23	38	38	13	13	36	37
25	5	13	13	39	39	-1	-1	38	38
26	5	-1	-1	41	41	14	14	40	40
27	5	14	14	42	42	15	28	41	41
28	6	15	15	43	43	29	29	27	27
29	6	16	16	44	44	17	30	28	28
30	7	17	17	45	45	19	19	29	29
31	8	19	19	46	46	32	32	45	45
32	8	19	19	33	33	20	20	31	31
33	8	32	32	47	47	20	20	46	46
34	7	20	20	35	35	22	22	47	47
35	6	22	34	36	36	23	23	48	49
36	6	35	35	37	37	24	24	50	50
37	6	36	36	52	52	24	24	51	51
38	5	24	24	53	53	25	25	52	52
39	5	25	25	54	54	-1	-1	53	53
40	4	-1	-1	57	56	26	41	55	55
41	5	26	26	58	58	27	27	40	40
42	5	27	27	60	59	43	61	58	58
43	6	28	28	61	61	44	44	42	42
44	6	29	29	63	62	45	64	43	43
45	7	30	30	64	64	31	46	44	44
46	8	31	31	47	47	33	33	45	45
47	7	33	46	48	48	34	34	64	64
48	7	47	47	49	49	35	35	65	65
49	7	48	48	50	50	35	35	66	66
50	6	49	66	51	51	36	36	67	68
51	6	50	50	52	52	37	37	69	70
52	5	37	51	74	73	38	38	71	72
53	5	38	38	76	76	39	39	74	75
54	5	39	39	77	77	-1	-1	76	76
55	4	-1	-1	79	79	40	40	78	78
56	5	40	40	80	80	57	57	79	79
57	5	40	40	81	81	58	58	56	56
58	5	41	41	83	82	42	42	57	57
59	6	42	42	84	84	60	60	83	83
60	6	42	42	86	85	88	87	59	59
61	6	43	43	89	88	62	90	42	42
62	7	44	44	90	90	63	63	61	61
63	7	44	44	92	91	65	65	62	62
64	7	45	45	65	65	47	47	44	44
65	7	64	64	66	66	48	48	63	63
66	7	65	65	50	50	49	49	92	93
67	7	93	95	68	68	50	50	94	94
68	7	67	67	69	69	50	50	96	96
69	7	68	68	70	70	51	51	97	97
70	7	69	69	71	71	51	51	98	98
71	6	70	98	72	72	52	52	99	100
72	6	71	71	103	102	52	52	101	101
73	6	52	52	105	105	74	74	103	104
74	6	52	52	75	75	53	53	73	73
75	6	74	74	106	106	53	53	105	105
76	5	53	53	108	108	54	54	106	107
77	5	54	54	109	109	-1	-1	108	108
78	4	-1	-1	111	111	55	55	110	110
79	4	55	55	113	112	56	80	111	111
80	5	56	56	114	114	81	81	79	79
81	5	57	57	116	115	82	117	80	80
82	6	58	58	117	117	83	83	81	81
83	6	58	58	118	118	59	59	82	82
84	6	59	59	119	119	85	120	118	118
85	7	60	60	120	120	86	86	84	84
86	7	60	60	121	121	122	122	85	85
87	7	88	88	122	122	124	123	60	60
88	7	61	61	87	87	89	89	60	60
89	7	61	61	125	124	94	94	88	88
90	7	62	62	94	94	91	95	61	61
91	8	63	63	95	95	92	92	90	90
92	8	63	63	93	93	66	66	91	91
93	8	92	92	67	67	66	66	95	95
94	7	90	90	96	96	67	67	89	89
95	8	91	91	67	67	93	93	90	90
96	7	94	94	97	97	68	68	125	126
97	7	96	96	98	98	69	69	127	127
98	7	97	97	71	71	70	70	128	129
99	7	129	131	100	100	71	71	130	130
100	7	99	99	101	101	71	71	132	132
101	6	100	132	135	134	72	72	133	133
102	7	72	72	137	136	103	103	135	135
103	7	72	72	104	104	73	73	102	102
104	7	103	103	139	139	73	73	137	138
105	6	73	73	141	141	75	75	139	140
106	6	75	75	107	107	76	76	141	141
107	6	106	106	143	143	76	76	142	142
108	5	76	76	109	109	77	77	143	143
109	4	77	108	147	146	-1	-1	144	145
110	3	-1	-1	149	148	78	111	-1	-1
111	4	78	78	151	150	79	79	110	110
112	5	79	79	152	152	113	113	151	151
113	5	79	79	153	153	114	114	112	112
114	5	80	80	155	154	115	156	113	113
115	6	81	81	156	156	116	116	114	114
116	6	81	81	157	157	158	158	115	115
117	6	82	82	158	158	118	118	81	81
118	6	83	83	159	159	84	84	117	117
119	6	84	84	161	160	163	162	159	159
120	7	85	85	163	163	121	121	84	84
121	7	86	86	165	164	167	166	120	120
122	7	87	87	168	167	127	127	86	86
123	8	124	124	127	127	126	126	87	87
124	8	89	89	123	123	125	125	87	87
125	8	89	89	126	126	96	96	124	124
126	8	125	125	127	127	96	96	123	123
127	7	126	123	128	169	97	97	122	122
128	8	127	127	129	129	98	98	169	169
129	8	128	128	99	99	98	98	131	131
130	7	171	166	132	132	99	99	165	170
131	8	169	169	99	99	129	129	171	171
132	7	130	130	101	101	100	100	172	172
133	6	172	162	174	174	101	101	161	173
134	7	101	101	175	175	135	135	174	174
135	7	101	101	177	176	102	102	134	134
136	8	102	102	178	178	137	137	177	177
137	8	102	102	138	138	104	104	136	136
138	8	137	137	179	179	104	104	178	178
139	7	104	104	140	140	105	105	179	180
140	7	139	139	183	183	105	105	181	182
141	6	105	105	142	142	106	106	183	184
142	6	141	141	143	143	107	107	185	186
143	5	107	142	144	144	108	108	187	188
144	5	143	143	145	145	109	109	189	190
145	5	144	144	193	193	109	109	191	192
146	5	109	109	194	194	147	147	193	193
147	5	109	109	195	195	-1	-1	146	146
148	4	110	110	196	196	149	149	-1	-1
149	4	110	110	198	197	150	199	148	148
150	5	111	111	199	199	151	151	149	149
151	5	111	111	200	200	112	112	150	150
152	5	112	112	201	201	153	153	200	200
153	5	113	113	202	202	154	203	152	152
154	6	114	114	203	203	155	155	153	153
155	6	114	114	204	204	205	205	154	154
156	6	115	115	205	205	157	157	114	114
157	6	116	116	206	206	207	207	156	156
158	6	117	117	207	207	159	159	116	116
159	6	118	118	209	208	119	119	158	158
160	7	119	119	210	210	161	161	209	209
161	7	119	119	173	173	133	133	160	160
162	7	163	163	133	133	172	172	119	119
163	7	120	120	162	162	164	211	119	119
164	8	121	121	211	211	165	165	163	163
165	8	121	121	170	170	130	130	164	164
166	8	167	167	130	130	171	171	121	121
167	8	122	122	166	166	168	168	121	121
168	8	122	122	171	171	169	169	167	167
169	8	127	127	131	131	128	128	168	168
170	8	165	165	172	172	130	130	211	211
171	8	168	168	130	130	131	131	166	166
172	7	170	211	133	133	132	132	162	162
173	7	161	161	212	212	133	133	210	210
174	6	133	133	214	213	134	175	212	212
175	7	134	134	216	215	176	217	174	174
176	8	135	135	217	217	177	177	175	175
177	8	135	135	219	218	136	136	176	176
178	8	136	136	221	221	138	138	219	220
179	8	138	138	180	180	139	139	221	221
180	8	179	179	181	181	139	139	222	222
181	8	180	180	182	182	140	140	223	223
182	8	181	181	225	225	140	140	224	224
183	7	140	140	184	184	141	141	225	225
184	7	183	183	185	185	141	141	226	226
185	7	184	184	186	186	142	142	227	227
186	7	185	185	187	187	142	142	228	228
187	6	186	228	188	188	143	143	229	230
188	6	187	187	189	189	143	143	231	232
189	6	188	188	190	190	144	144	233	234
190	6	189	189	191	191	144	144	235	236
191	6	190	190	192	192	145	145	237	238
192	6	191	191	240	240	145	145	239	239
193	5	145	145	243	242	146	146	240	241
194	5	146	146	245	245	195	195	243	244
195	5	147	147	246	246	-1	-1	194	194
196	4	148	148	248	247	197	249	-1	-1
197	5	149	149	249	249	198	198	196	196
198	5	149	149	251	250	252	252	197	197
199	5	150	150	252	252	200	200	149	149
200	5	151	151	253	253	152	152	199	199
201	5	152	152	255	254	202	202	253	253
202	5	153	153	257	256	259	258	201	201
203	6	154	154	259	259	204	204	153	153
204	6	155	155	260	260	261	261	203	203
205	6	156	156	261	261	206	206	155	155
206	6	157	157	263	262	264	264	205	205
207	6	158	158	264	264	208	265	157	157
208	7	159	159	265	265	209	209	207	207
209	7	159	159	267	266	160	160	208	208
210	7	160	160	212	212	173	173	267	268
211	8	164	164	172	172	170	170	163	163
212	6	173	210	271	271	174	174	269	270
213	7	174	174	272	272	214	214	271	271
214	7	174	174	273	273	215	274	213	213
215	8	175	175	274	274	216	216	214	214
216	8	175	175	275	275	277	276	215	215
217	8	176	176	278	277	218	279	175	175
218	9	177	177	279	279	219	219	217	217
219	9	177	177	220	220	178	178	218	218
220	9	219	219	280	280	178	178	279	279
221	8	178	178	222	222	179	179	280	280
222	8	221	221	223	223	180	180	281	282
223	8	222	222	224	224	181	181	283	284
224	8	223	223	225	225	182	182	285	285
225	7	182	224	226	226	183	183	286	287
226	7	225	225	227	227	184	184	288	289
227	7	226	226	228	228	185	185	290	291
228	7	227	227	187	187	186	186	292	293
229	7	293	295	230	230	187	187	294	294
230	7	229	229	231	231	187	187	296	297
231	7	230	230	232	232	188	188	298	299
232	7	231	231	233	233	188	188	300	300
233	7	232	232	234	234	189	189	301	302
234	7	233	233	235	235	189	189	303	303
235	7	234	234	236	236	190	190	304	304
236	7	235	235	237	237	190	190	305	306
237	7	236	236	238	238	191	191	307	307
238	7	237	237	239	239	191	191	308	308
239	6	238	308	311	310	192	192	309	309
240	6	192	192	241	241	193	193	311	312
241	6	240	240	315	314	193	193	313	313
242	6	193	193	317	317	243	243	315	316
243	6	193	193	244	244	194	194	242	242
244	6	243	243	318	318	194	194	317	317
245	5	194	194	320	320	246	246	318	319
246	5	195	195	321	321	-1	-1	245	245
247	5	196	196	322	322	248	248	-1	-1
248	5	196	196	323	323	325	324	247	247
249	5	197	197	326	325	250	327	196	196
250	6	198	198	327	327	251	251	249	249
251	6	198	198	328	328	329	329	250	250
252	5	199	199	330	329	253	253	198	198
253	5	200	200	332	331	201	201	252	252
254	6	201	201	333	333	255	255	332	332
255	6	201	201	334	334	256	256	254	254
256	6	202	202	335	335	257	257	255	255
257	6	202	202	337	336	339	338	256	256
258	6	259	259	340	339	341	341	202	202
259	6	203	203	258	258	260	260	202	202
260	6	204	204	341	341	343	342	259	259
261	6	205	205	344	343	262	345	204	204
262	7	206	206	345	345	263	263	261	261
263	7	206	206	347	346	348	348	262	262
264	6	207	207	349	348	351	350	206	206
265	7	208	208	351	351	266	352	207	207
266	8	209	209	352	352	267	267	265	265
267	8	209	209	268	268	210	210	266	266
268	8	267	267	269	269	210	210	352	352
269	7	268	352	270	270	212	212	351	351
270	7	269	269	353	353	212	212	350	350
271	6	212	212	355	354	213	272	353	353
272	7	213	213	356	356	273	273	271	271
273	7	214	214	357	357	359	358	272	272
274	8	215	215	359	359	275	275	214	214
275	8	216	216	361	360	363	362	274	274
276	9	277	277	363	363	364	364	216	216
277	9	217	217	276	276	278	278	216	216
278	9	217	217	364	364	280	280	277	277
279	9	218	218	280	280	220	220	217	217
280	8	220	279	281	365	221	221	278	364
281	9	280	280	282	282	222	222	365	365
282	9	281	281	283	283	222	222	366	366
283	9	282	282	284	284	223	223	367	367
284	9	283	283	285	285	223	223	368	368
285	8	284	368	286	286	224	224	369	370
286	8	285	285	287	287	225	225	371	372
287	8	286	286	288	288	225	225	373	373
288	8	287	287	289	289	226	226	374	375
289	8	288	288	290	290	226	226	376	376
290	8	289	289	291	291	227	227	377	377
291	8	290	290	292	292	227	227	378	378
292	8	291	291	293	293	228	228	379	380
293	8	292	292	229	229	228	228	295	295
294	7	383	384	296	382	229	229	381	381
295	8	380	385	229	229	293	293	383	383
296	8	294	294	297	297	230	230	382	382
297	8	296	296	298	298	230	230	386	386
298	8	297	297	299	299	231	231	387	387
299	8	298	298	300	300	231	231	388	388
300	7	299	388	301	390	232	232	389	389
301	8	300	300	302	302	233	233	390	390
302	8	301	301	303	303	233	233	391	391
303	7	302	391	304	304	234	234	392	392
304	7	303	303	305	394	235	235	393	393
305	8	304	304	306	306	236	236	394	394
306	8	305	305	307	307	236	236	395	395
307	7	306	395	308	308	237	237	396	396
308	7	307	307	239	239	238	238	396	396
309	6	396	396	398	398	239	239	397	397
310	7	239	239	399	399	311	311	398	398
311	7	239	239	312	312	240	240	310	310
312	7	311	311	313	313	240	240	399	399
313	6	312	399	401	401	241	241	400	400
314	7	241	241	402	402	315	315	401	401
315	7	241	241	316	316	242	242	314	314
316	7	315	315	403	403	242	242	402	402
317	6	242	242	404	404	244	244	403	403
318	6	244	244	319	319	245	245	404	404
319	6	318	318	407	407	245	245	405	406
320	5	245	245	409	409	321	321	407	408
321	5	246	246	409	409	-1	-1	320	320
322	5	247	247	410	410	323	323	-1	-1
323	5	248	248	410	410	412	411	322	322
324	6	325	325	412	412	413	413	248	248
325	6	249	249	324	324	326	326	248	248
326	6	249	249	413	413	414	414	325	325
327	6	250	250	414	414	328	328	249	249
328	6	251	251	416	415	417	417	327	327
329	6	252	252	417	417	330	330	251	251
330	6	252	252	419	418	331	331	329	329
331	6	253	253	420	420	332	332	330	330
332	6	253	253	421	421	254	254	331	331
333	6	254	254	422	422	334	334	421	421
334	6	255	255	424	423	335	335	333	333
335	6	256	256	425	425	336	426	334	334
336	7	257	257	426	426	337	337	335	335
337	7	257	257	427	427	429	428	336	336
338	7	339	339	430	429	431	431	257	257
339	7	258	258	338	338	340	340	257	257
340	7	258	258	431	431	432	432	339	339
341	6	260	260	433	432	434	434	258	258
342	7	343	343	434	434	435	435	260	260
343	7	261	261	342	342	344	344	260	260
344	7	261	261	435	435	436	436	343	343
345	7	262	262	436	436	346	437	261	261
346	8	263	263	437	437	347	347	345	345
347	8	263	263	438	438	439	439	346	346
348	7	264	264	439	439	349	349	263	263
349	7	264	264	440	440	353	353	348	348
350	7	351	351	353	353	270	270	264	264
351	7	265	265	350	350	269	269	264	264
352	8	266	266	269	269	268	268	265	265
353	6	270	350	441	441	271	271	349	440
354	7	271	271	442	442	355	355	441	441
355	7	271	271	443	443	356	356	354	354
356	7	272	272	444	444	357	357	355	355
357	7	273	273	445	445	447	446	356	356
358	8	359	359	447	447	448	448	273	273
359	8	274	274	358	358	360	449	273	273
360	9	275	275	449	449	361	361	359	359
361	9	275	275	450	450	451	451	360	360
362	9	363	363	451	451	452	452	275	275
363	9	276	276	362	362	453	453	275	275
364	9	278	278	453	453	280	280	276	276
365	9	280	280	366	366	281	281	453	453
366	9	365	365	367	367	282	282	452	452
367	9	366	366	368	368	283	283	454	454
368	9	367	367	285	285	284	284	455	456
369	9	456	458	370	370	285	285	457	457
370	9	369	369	371	371	285	285	459	459
371	9	370	370	372	372	286	286	460	460
372	9	371	371	373	373	286	286	461	461
373	8	372	461	374	463	287	287	462	462
374	9	373	373	375	375	288	288	463	463
375	9	374	374	376	376	288	288	464	464
376	8	375	464	377	377	289	289	465	465
377	8	376	376	378	378	290	290	466	466
378	8	377	377	379	467	291	291	466	466
379	9	378	378	380	380	292	292	467	467
380	9	379	379	295	295	292	292	385	385
381	7	471	471	470	469	294	294	468	468
382	8	294	294	386	386	296	296	470	470
383	8	472	472	294	294	295	295	384	384
384	8	473	473	294	294	383	383	471	471
385	9	467	467	295	295	380	380	472	472
386	8	382	382	387	387	297	297	474	474
387	8	386	386	388	388	298	298	475	475
388	8	387	387	300	300	299	299	475	475
389	7	475	475	477	477	300	300	476	476
390	8	300	300	391	391	301	301	477	477
391	8	390	390	303	303	302	302	477	477
392	7	477	477	393	393	303	303	478	478
393	7	392	392	480	480	304	304	479	479
394	8	304	304	395	395	305	305	480	480
395	8	394	394	307	307	306	306	480	480
396	6	480	482	309	309	307	308	481	481
397	6	481	481	484	484	309	309	483	483
398	6	309	309	400	400	310	399	484	484
399	7	310	310	313	313	312	312	398	398
400	6	398	398	486	486	313	313	485	485
401	6	313	313	487	487	314	402	486	486
402	7	314	314	403	403	316	316	401	401
403	6	316	402	489	488	317	317	487	487
404	6	317	317	405	491	318	318	489	490
405	7	404	404	406	406	319	319	491	491
406	7	405	405	493	493	319	319	492	492
407	6	319	319	408	408	320	320	493	493
408	6	407	407	495	495	320	320	494	494
409	4	321	320	-1	-1	-1	-1	495	496
410	4	323	322	497	497	499	498	-1	-1
411	6	412	412	499	499	500	500	323	323
412	6	324	324	411	411	501	501	323	323
413	6	326	326	501	501	503	502	324	324
414	6	327	327	504	503	415	505	326	326
415	7	328	328	505	505	416	416	414	414
416	7	328	328	506	506	507	507	415	415
417	6	329	329	507	507	418	508	328	328
418	7	330	330	508	508	419	419	417	417
419	7	330	330	509	509	420	420	418	418
420	6	331	331	510	510	421	421	419	509
421	6	332	332	511	511	333	333	420	420
422	6	333	333	513	512	423	514	511	511
423	7	334	334	514	514	424	424	422	422
424	7	334	334	515	515	425	425	423	423
425	6	335	335	517	516	518	518	424	515
426	7	336	336	518	518	427	427	335	335
427	7	337	337	518	518	520	519	426	426
428	8	429	429	520	520	521	521	337	337
429	8	338	338	428	428	430	430	337	337
430	8	338	338	521	521	522	522	429	429
431	7	340	340	522	522	523	523	338	338
432	7	341	341	523	523	433	433	340	340
433	7	341	341	525	524	526	526	432	432
434	6	435	342	527	526	528	528	341	341
435	7	344	344	434	434	529	529	342	342
436	7	345	345	529	529	530	530	344	344
437	8	346	346	530	530	438	438	345	345
438	8	347	347	530	530	439	439	437	437
439	7	348	348	531	531	440	440	347	438
440	7	349	349	531	531	353	353	439	439
441	6	353	353	532	532	354	442	531	531
442	7	354	354	533	533	443	443	441	441
443	7	355	355	533	533	444	444	442	442
444	7	356	356	534	534	445	445	443	443
445	7	357	357	535	535	537	536	444	444
446	8	447	447	537	537	462	462	357	357
447	8	358	358	446	446	538	538	357	357
448	8	450	449	538	538	457	459	358	358
449	9	360	360	448	448	450	450	359	359
450	9	361	361	448	448	540	539	449	449
451	9	362	362	541	540	454	454	361	361
452	9	453	453	454	454	366	366	362	362
453	9	364	364	452	452	365	365	363	363
454	9	452	452	455	542	367	367	451	451
455	10	454	454	456	456	368	368	542	542
456	10	455	455	369	369	368	368	458	458
457	9	543	539	459	459	369	369	448	448
458	10	542	542	369	369	456	456	543	543
459	9	457	457	460	460	370	370	448	448
460	9	459	459	461	461	371	371	538	538
461	9	460	460	373	373	372	372	538	538
462	8	538	538	544	544	373	373	446	446
463	9	373	373	464	464	374	374	544	544
464	9	463	463	376	376	375	375	544	544
465	8	544	544	466	466	376	376	536	536
466	7	465	536	472	473	377	378	535	535
467	9	378	378	385	385	379	379	472	472
468	7	547	547	546	546	381	381	545	545
469	8	381	381	548	548	470	470	546	546
470	8	381	381	474	474	382	382	469	469
471	7	535	535	381	381	473	384	547	547
472	8	466	466	383	383	467	385	473	473
473	8	466	466	384	384	472	472	471	471
474	8	470	470	475	475	386	386	548	548
475	7	474	548	389	389	387	388	549	549
476	7	549	549	551	551	389	389	550	550
477	7	389	389	392	392	390	391	551	551
478	7	551	551	479	479	392	392	552	552
479	7	478	478	482	482	393	393	553	553
480	7	393	393	396	396	394	395	482	482
481	6	555	556	397	397	396	396	554	554
482	7	479	479	396	396	480	480	555	555
483	6	554	554	558	558	397	397	557	557
484	6	397	397	485	485	398	398	558	558
485	6	484	484	486	486	400	400	559	559
486	5	400	485	562	561	401	487	560	560
487	6	401	401	563	563	403	403	486	486
488	7	403	403	564	564	489	489	563	563
489	7	403	403	490	490	404	404	488	488
490	7	489	489	566	565	404	404	564	564
491	7	404	404	492	492	405	405	566	567
492	7	491	491	493	493	406	406	568	569
493	6	406	492	494	494	407	407	570	571
494	6	493	493	495	495	408	408	572	573
495	5	408	494	496	496	409	409	574	575
496	5	495	495	-1	-1	409	409	576	576
497	4	410	410	577	577	579	578	-1	-1
498	5	499	499	579	579	581	580	410	410
499	5	500	411	498	498	583	582	410	410
500	6	501	501	499	499	584	584	411	411
501	6	413	413	500	500	586	585	412	412
502	7	503	503	586	586	587	587	413	413
503	7	414	414	502	502	504	504	413	413
504	7	414	414	587	587	588	588	503	503
505	7	415	415	588	588	506	506	414	414
506	7	416	416	589	589	507	507	505	505
507	6	417	417	590	590	591	591	416	506
508	7	418	418	591	591	509	509	417	417
509	7	419	419	591	591	420	420	508	508
510	6	420	420	592	592	511	511	591	591
511	6	421	421	593	593	422	422	510	510
512	7	422	422	594	594	513	513	593	593
513	7	422	422	595	595	596	596	512	512
514	7	423	423	596	596	515	515	422	422
515	7	424	424	598	597	425	425	514	514
516	7	425	425	601	600	517	517	598	599
517	7	425	425	602	602	603	603	516	516
518	6	427	426	604	603	606	605	425	425
519	8	520	520	606	606	607	607	427	427
520	8	428	428	519	519	609	608	427	427
521	8	430	430	610	609	522	522	428	428
522	7	431	431	612	611	614	613	430	521
523	7	432	432	615	614	524	616	431	431
524	8	433	433	616	616	525	525	523	523
525	8	433	433	618	617	619	619	524	524
526	7	434	434	620	619	527	527	433	433
527	7	434	434	621	621	622	622	526	526
528	6	624	529	622	622	623	623	434	434
529	7	436	436	528	528	624	624	435	435
530	7	438	437	624	624	531	531	436	436
531	6	440	439	623	623	441	441	530	624
532	6	441	441	625	625	533	533	623	623
533	6	443	442	545	545	534	547	532	532
534	7	444	444	547	547	535	535	533	533
535	7	445	445	471	471	466	466	534	534
536	8	537	537	466	466	465	465	445	445
537	8	446	446	536	536	544	544	445	445
538	8	448	448	462	462	460	461	447	447
539	10	540	540	457	457	543	543	450	450
540	10	451	451	539	539	541	541	450	450
541	10	451	451	543	543	542	542	540	540
542	10	454	454	458	458	455	455	541	541
543	10	541	541	457	457	458	458	539	539
544	8	462	462	465	465	463	464	537	537
545	6	533	533	550	550	468	546	625	625
546	7	468	468	549	549	469	548	545	545
547	7	534	534	468	468	471	471	533	533
548	8	469	469	475	475	474	474	546	546
549	7	546	546	476	476	475	475	550	550
550	6	545	545	552	552	549	476	626	626
551	7	476	476	478	478	477	477	552	552
552	6	550	550	553	629	551	478	627	628
553	7	552	552	555	555	479	479	629	629
554	6	631	632	483	483	481	481	630	630
555	7	553	553	481	481	482	482	556	556
556	7	629	629	481	481	555	555	631	631
557	6	630	630	634	634	483	483	633	633
558	6	483	483	559	559	484	484	634	634
559	6	558	558	560	560	485	485	635	635
560	5	559	635	638	637	486	486	636	636
561	6	486	486	639	639	562	562	638	638
562	6	486	486	640	640	563	563	561	561
563	6	487	487	641	641	488	564	562	562
564	7	488	488	642	642	490	490	563	563
565	8	490	490	643	643	566	566	642	642
566	8	490	490	567	567	491	491	565	565
567	8	566	566	568	568	491	491	643	643
568	8	567	567	569	569	492	492	644	644
569	8	568	568	570	570	492	492	645	645
570	7	569	645	571	571	493	493	646	647
571	7	570	570	572	572	493	493	648	649
572	7	571	571	573	573	494	494	650	650
573	7	572	572	574	574	494	494	651	651
574	6	573	651	575	575	495	495	652	652
575	6	574	574	576	576	495	495	653	653
576	5	575	653	-1	-1	496	496	654	654
577	4	497	497	-1	-1	655	655	-1	-1
578	5	579	579	655	655	656	656	497	497
579	5	498	498	578	578	658	657	497	497
580	6	581	581	658	658	660	659	498	498
581	6	582	582	580	580	661	661	498	498
582	6	583	583	581	581	663	662	499	499
583	6	584	584	582	582	665	664	499	499
584	6	668	585	583	583	667	666	500	500
585	7	586	586	584	584	668	668	501	501
586	7	502	502	585	585	669	669	501	501
587	7	504	504	669	669	670	670	502	502
588	7	505	505	670	670	589	589	504	504
589	7	506	506	671	671	590	590	588	588
590	6	507	507	672	672	673	673	589	671
591	6	509	508	673	673	510	510	507	507
592	6	510	510	674	674	593	593	673	673
593	6	511	511	674	674	512	594	592	592
594	7	512	512	675	675	595	595	593	593
595	7	513	513	675	675	676	676	594	594
596	7	514	514	676	676	597	677	513	513
597	8	515	515	677	677	598	598	596	596
598	8	515	515	599	599	516	516	597	597
599	8	598	598	679	678	516	516	677	677
600	8	516	516	681	681	601	601	679	680
601	8	516	516	682	682	602	602	600	600
602	7	517	517	683	683	685	684	601	682
603	7	518	518	686	685	604	604	517	517
604	7	518	518	687	687	688	688	603	603
605	7	606	606	688	688	689	689	518	518
606	7	607	519	605	605	690	690	518	518
607	8	692	608	606	606	691	691	519	519
608	9	609	609	607	607	692	692	520	520
609	9	521	521	608	608	610	610	520	520
610	9	521	521	692	692	611	611	609	609
611	8	522	522	691	691	612	612	610	692
612	8	522	522	693	693	694	694	611	611
613	8	614	614	694	694	695	695	522	522
614	8	523	523	613	613	615	615	522	522
615	8	523	523	695	695	696	696	614	614
616	8	524	524	696	696	617	697	523	523
617	9	525	525	697	697	618	618	616	616
618	9	525	525	698	698	699	699	617	617
619	8	526	526	699	699	620	620	525	525
620	8	526	526	700	700	621	621	619	619
621	7	527	527	702	701	622	622	620	700
622	6	528	528	704	703	705	705	527	621
623	6	531	531	705	705	532	532	528	528
624	7	530	530	528	528	531	531	529	529
625	6	532	532	626	626	545	545	705	705
626	6	625	625	627	707	550	550	706	706
627	7	626	626	628	628	552	552	707	707
628	7	627	627	710	709	552	552	708	708
629	7	552	552	556	556	553	553	710	711
630	6	713	713	557	557	554	554	712	712
631	7	711	714	554	554	556	556	632	632
632	7	715	715	554	554	631	631	713	713
633	6	712	712	717	717	557	557	716	716
634	6	557	557	635	635	558	558	717	717
635	6	634	634	560	560	559	559	718	718
636	5	718	722	721	720	560	560	719	719
637	6	560	560	723	723	638	638	721	721
638	6	560	560	724	724	561	561	637	637
639	6	561	561	726	725	640	640	724	724
640	6	562	562	727	727	641	641	639	639
641	6	563	563	729	728	642	730	640	640
642	7	564	564	730	730	565	643	641	641
643	8	565	565	644	644	567	567	642	642
644	8	643	643	645	645	568	568	730	730
645	8	644	644	570	570	569	569	730	730
646	8	730	730	647	647	570	570	731	731
647	8	646	646	648	648	570	570	732	732
648	8	647	647	649	649	571	571	733	733
649	8	648	648	650	650	571	571	734	734
650	7	649	734	651	651	572	572	735	735
651	7	650	650	574	574	573	573	736	736
652	6	736	739	653	653	574	574	737	738
653	6	652	652	576	576	575	575	740	740
654	5	740	742	-1	-1	576	576	741	741
655	4	656	578	-1	-1	744	743	577	577
656	5	746	657	655	655	745	745	578	578
657	6	658	658	656	656	746	746	579	579
658	6	580	580	657	657	747	747	579	579
659	7	660	660	747	747	748	748	580	580
660	7	661	661	659	659	749	749	580	580
661	6	752	662	749	660	751	750	581	581
662	7	663	663	661	661	752	752	582	582
663	7	664	664	662	662	753	753	582	582
664	7	665	665	663	663	754	754	583	583
665	7	666	666	664	664	755	755	583	583
666	7	667	667	665	665	756	756	584	584
667	7	758	758	666	666	757	757	584	584
668	7	669	669	584	584	758	758	585	585
669	7	587	587	668	668	758	758	586	586
670	7	588	588	758	758	671	671	587	587
671	7	589	589	758	758	590	590	670	670
672	6	590	590	759	759	760	760	758	758
673	6	591	591	760	760	592	592	590	590
674	5	593	592	762	762	675	763	760	761
675	6	595	594	763	763	765	764	674	674
676	7	596	596	765	765	767	766	595	595
677	8	597	597	767	767	599	599	596	596
678	9	599	599	768	768	679	679	767	767
679	9	599	599	680	680	600	600	678	678
680	9	679	679	769	769	600	600	768	768
681	8	600	600	770	770	682	682	769	769
682	8	601	601	770	770	602	602	681	681
683	7	602	602	771	771	772	772	770	770
684	8	685	685	772	772	773	773	602	602
685	8	603	603	684	684	686	686	602	602
686	8	603	603	773	773	687	687	685	685
687	7	604	604	774	774	688	688	686	773
688	6	689	605	775	775	777	776	604	687
689	7	690	690	688	688	778	778	605	605
690	7	693	691	689	689	779	779	606	606
691	8	611	611	690	690	693	693	607	607
692	9	610	610	607	607	611	611	608	608
693	8	612	612	690	690	694	694	691	691
694	7	695	613	779	779	781	780	612	693
695	8	615	615	694	694	783	782	613	613
696	8	616	616	784	783	785	785	615	615
697	9	617	617	785	785	698	698	616	616
698	9	618	618	785	785	699	699	697	697
699	8	619	619	786	786	700	700	618	698
700	8	620	620	787	787	621	621	699	699
701	8	621	621	788	788	702	702	787	787
702	8	621	621	789	789	703	703	701	701
703	7	622	622	790	790	704	704	702	789
704	7	622	622	791	791	706	706	703	703
705	6	623	623	706	706	625	625	622	622
706	6	705	705	792	792	626	626	704	791
707	7	626	626	708	708	627	627	792	792
708	7	707	707	715	715	628	628	792	792
709	8	628	628	714	714	710	710	715	715
710	8	628	628	711	711	629	629	709	709
711	8	710	710	631	631	629	629	714	714
712	6	794	794	633	633	630	630	793	793
713	6	792	792	630	630	715	632	794	794
714	8	709	709	631	631	711	711	715	715
715	7	708	708	632	632	709	714	713	713
716	6	793	793	796	796	633	633	795	795
717	6	633	633	718	718	634	634	796	796
718	6	717	717	636	636	635	635	722	722
719	5	800	800	799	798	636	636	797	797
720	6	636	636	801	801	721	721	799	799
721	6	636	636	802	802	637	637	720	720
722	6	796	796	636	636	718	718	800	800
723	6	637	637	804	803	724	724	802	802
724	6	638	638	806	805	639	639	723	723
725	7	639	639	807	807	726	726	806	806
726	7	639	639	808	808	727	727	725	725
727	6	640	640	810	809	728	811	726	808
728	7	641	641	811	811	729	729	727	727
729	7	641	641	812	812	731	732	728	728
730	7	642	642	646	731	644	645	641	641
731	8	730	730	732	732	646	646	729	729
732	8	731	731	733	733	647	647	729	729
733	8	732	732	734	734	648	648	812	812
734	8	733	733	650	650	649	649	812	812
735	7	812	812	736	736	650	650	813	813
736	7	735	735	652	652	651	651	739	739
737	7	815	816	738	738	652	652	814	814
738	7	737	737	740	740	652	652	817	817
739	7	813	813	652	652	736	736	818	815
740	6	738	817	654	654	653	653	742	742
741	5	820	821	-1	-1	654	654	819	819
742	6	822	822	654	654	740	740	820	820
743	5	744	744	-1	-1	823	823	655	655
744	5	745	745	743	743	824	824	655	655
745	5	827	828	744	744	826	825	656	656
746	6	747	747	656	656	828	828	657	657
747	6	748	659	746	746	830	829	658	658
748	7	749	749	747	747	831	831	659	659
749	7	661	661	748	748	833	832	660	660
750	7	751	751	834	833	835	835	661	661
751	7	837	837	750	750	836	836	661	661
752	7	753	753	661	661	837	837	662	662
753	7	754	754	752	752	837	837	663	663
754	7	755	755	753	753	838	838	664	664
755	7	756	756	754	754	838	838	665	665
756	7	757	757	755	755	759	759	666	666
757	7	758	758	756	756	759	759	667	667
758	6	671	670	757	667	672	672	669	668
759	6	672	672	838	838	761	761	757	756
760	6	673	673	761	761	674	674	672	672
761	6	760	760	839	839	674	674	759	759
762	5	674	674	842	841	843	843	839	840
763	6	675	675	843	843	844	844	674	674
764	7	765	765	844	844	845	845	675	675
765	7	676	676	764	764	846	846	675	675
766	8	767	767	846	846	769	769	676	676
767	8	677	677	766	766	678	768	676	676
768	9	678	678	769	769	680	680	767	767
769	8	680	768	846	846	681	681	766	766
770	7	682	681	847	847	683	683	846	846
771	7	683	683	848	848	849	849	847	847
772	7	773	684	849	849	774	774	683	683
773	8	686	686	772	772	687	687	684	684
774	7	687	687	850	850	775	775	772	772
775	6	688	688	851	851	853	852	774	850
776	7	777	777	853	853	855	854	688	688
777	7	778	778	776	776	856	856	688	688
778	7	779	779	777	777	857	857	689	689
779	7	694	694	778	778	858	858	690	690
780	8	781	781	858	858	859	859	694	694
781	8	861	782	780	780	860	860	694	694
782	9	783	783	781	781	861	861	695	695
783	9	696	696	782	782	784	784	695	695
784	9	696	696	861	861	862	862	783	783
785	8	698	697	862	862	786	786	696	696
786	8	699	699	863	863	787	787	785	785
787	8	700	700	865	864	701	701	786	786
788	8	701	701	867	867	789	789	865	866
789	8	702	702	867	867	703	703	788	788
790	7	703	703	868	868	791	791	867	867
791	7	704	704	869	869	706	706	790	790
792	6	706	706	713	713	707	708	869	870
793	6	873	874	716	716	712	712	871	872
794	6	870	876	712	712	713	713	875	873
795	6	872	852	800	800	716	716	851	851
796	6	716	716	722	722	717	717	800	800
797	5	880	880	879	878	719	719	877	877
798	6	719	719	881	881	799	799	879	879
799	6	719	719	882	882	720	720	798	798
800	5	795	851	719	719	796	722	880	880
801	6	720	720	883	883	802	802	882	882
802	6	721	721	885	884	723	723	801	801
803	7	723	723	886	886	804	804	885	885
804	7	723	723	887	887	805	805	803	803
805	7	724	724	888	888	806	806	804	804
806	7	724	724	889	889	725	725	805	805
807	7	725	725	891	890	808	808	889	889
808	7	726	726	892	892	727	727	807	807
809	7	727	727	893	893	810	810	892	892
810	7	727	727	818	894	813	813	809	809
811	7	728	728	813	813	812	812	727	727
812	7	729	729	735	735	733	734	811	811
813	7	811	811	739	739	735	735	810	810
814	7	893	893	817	817	737	737	822	822
815	8	818	818	737	737	739	739	816	816
816	8	894	894	737	737	815	815	893	893
817	7	814	814	740	740	738	738	822	822
818	8	810	810	815	815	739	739	894	894
819	5	896	897	-1	-1	741	741	895	895
820	6	898	898	741	741	742	742	821	821
821	6	899	899	741	741	820	820	896	896
822	6	900	901	742	742	814	817	898	898
823	5	824	824	-1	-1	902	902	743	743
824	5	904	825	823	823	903	903	744	744
825	6	826	826	824	824	904	904	745	745
826	6	907	908	825	825	906	905	745	745
827	6	910	911	745	745	909	908	828	828
828	6	912	829	745	745	827	827	746	746
829	7	830	830	828	828	912	912	747	747
830	7	831	831	829	829	913	913	747	747
831	7	916	832	830	830	915	914	748	748
832	8	833	833	831	831	916	916	749	749
833	8	750	750	832	832	834	834	749	749
834	8	750	750	916	916	917	917	833	833
835	7	836	836	918	917	919	919	750	750
836	7	837	837	835	835	919	919	751	751
837	6	838	838	836	751	840	840	753	752
838	6	759	759	837	837	839	839	755	754
839	6	761	761	840	840	762	762	838	838
840	6	839	839	919	919	762	762	837	837
841	6	762	762	921	920	842	842	919	919
842	6	762	762	922	922	877	877	841	841
843	5	844	763	877	877	880	880	762	762
844	6	845	764	843	843	848	848	763	763
845	7	846	846	844	844	847	847	764	764
846	7	769	766	845	845	770	770	765	765
847	7	770	770	848	848	771	771	845	845
848	6	771	847	880	880	923	923	844	844
849	7	772	772	923	923	850	850	771	771
850	7	774	774	923	923	775	775	849	849
851	6	775	775	800	800	795	795	923	923
852	7	853	853	795	795	872	872	775	775
853	7	776	776	852	852	871	871	775	775
854	8	855	855	871	871	924	924	776	776
855	8	856	856	854	854	925	925	776	776
856	7	857	857	925	855	926	926	777	777
857	7	858	858	856	856	927	927	778	778
858	7	859	780	857	857	928	928	779	779
859	8	860	860	858	858	929	929	780	780
860	8	862	862	859	859	930	930	781	781
861	9	784	784	781	781	862	862	782	782
862	8	785	785	860	860	863	863	784	861
863	8	786	786	930	930	864	931	862	862
864	9	787	787	931	931	865	865	863	863
865	9	787	787	866	866	788	788	864	864
866	9	865	865	932	932	788	788	931	931
867	7	789	788	934	934	790	790	932	933
868	7	790	790	876	876	869	869	934	934
869	7	791	791	870	870	792	792	868	868
870	7	869	869	794	794	792	792	876	876
871	7	924	854	872	872	793	793	853	853
872	7	871	871	795	795	793	793	852	852
873	7	875	875	793	793	794	794	874	874
874	7	926	926	793	793	873	873	925	924
875	7	935	935	873	873	794	794	926	926
876	7	868	868	794	794	870	870	935	935
877	5	843	843	937	936	797	797	842	922
878	6	797	797	939	938	879	879	937	937
879	6	797	797	940	940	798	798	878	878
880	5	923	848	797	797	800	800	843	843
881	6	798	798	942	941	882	882	940	940
882	6	799	799	944	943	801	801	881	881
883	6	801	801	947	946	884	948	944	945
884	7	802	802	948	948	885	885	883	883
885	7	802	802	949	949	803	803	884	884
886	7	803	803	951	950	887	887	949	949
887	7	804	804	953	952	888	888	886	886
888	7	805	805	955	954	889	889	887	887
889	7	806	806	956	956	807	807	888	888
890	8	807	807	957	957	891	891	956	956
891	8	807	807	958	958	892	892	890	890
892	7	808	808	900	900	809	809	891	958
893	7	809	809	814	814	894	816	900	900
894	8	810	810	816	816	818	818	893	893
895	5	960	961	-1	-1	819	819	959	959
896	6	962	962	819	819	821	821	897	897
897	6	963	963	819	819	896	896	960	960
898	6	964	965	820	820	822	822	899	899
899	6	966	967	821	821	898	898	962	962
900	7	892	892	822	822	893	893	901	901
901	7	958	957	822	822	900	900	964	964
902	5	903	903	-1	-1	959	959	823	823
903	5	970	971	902	902	969	968	824	824
904	6	972	905	824	824	971	971	825	825
905	7	906	906	904	904	972	972	826	826
906	7	974	974	905	905	973	973	826	826
907	7	975	975	826	826	974	974	908	908
908	7	909	909	826	826	907	907	827	827
909	7	976	976	908	908	975	975	827	827
910	7	977	978	827	827	976	976	911	911
911	7	979	979	827	827	910	910	912	912
912	7	913	913	828	828	911	911	829	829
913	7	980	914	912	912	979	979	830	830
914	8	915	915	913	913	980	980	831	831
915	8	982	983	914	914	981	981	831	831
916	8	834	834	831	831	984	983	832	832
917	8	835	835	985	984	918	918	834	834
918	8	835	835	986	986	987	987	917	917
919	6	840	840	988	987	841	841	836	835
920	7	841	841	989	989	921	921	988	988
921	7	841	841	990	990	922	922	920	920
922	6	842	842	992	991	877	877	921	990
923	6	850	849	880	880	851	851	848	848
924	8	925	925	871	871	874	874	854	854
925	8	856	856	924	924	874	874	855	855
926	7	927	927	874	874	875	875	856	856
927	7	928	928	926	926	935	935	857	857
928	7	933	929	927	927	934	934	858	858
929	8	930	930	928	928	933	933	859	859
930	8	863	863	929	929	932	932	860	860
931	9	864	864	932	932	866	866	863	863
932	8	866	931	933	933	867	867	930	930
933	8	932	932	928	928	867	867	929	929
934	7	867	867	935	935	868	868	928	928
935	7	934	934	875	875	876	876	927	927
936	6	877	877	995	994	937	937	992	993
937	6	877	877	997	996	878	878	936	936
938	7	878	878	998	998	939	939	997	997
939	7	878	878	999	999	940	940	938	938
940	6	879	879	1001	1000	881	881	939	999
941	7	881	881	1002	1002	942	942	1001	1001
942	7	881	881	1003	1003	943	943	941	941
943	7	882	882	1005	1004	944	944	942	942
944	7	882	882	945	945	883	883	943	943
945	7	944	944	1007	1007	883	883	1005	1006
946	7	883	883	1008	1008	947	947	1007	1007
947	7	883	883	1009	1009	1010	1010	946	946
948	7	884	884	1010	1010	949	949	883	883
949	7	885	885	1012	1011	886	886	948	948
950	8	886	886	1013	1013	951	951	1012	1012
951	8	886	886	1014	1014	952	952	950	950
952	8	887	887	1015	1015	953	953	951	951
953	8	887	887	1016	1016	954	954	952	952
954	8	888	888	1017	1017	955	955	953	953
955	8	888	888	1018	1018	956	956	954	954
956	7	889	889	964	964	890	957	955	1018
957	8	890	890	901	901	958	958	956	956
958	8	891	891	901	901	892	892	957	957
959	5	1019	968	-1	-1	895	895	902	902
960	6	1020	1020	895	895	897	897	961	961
961	6	1021	1021	895	895	960	960	1019	1019
962	6	1022	1023	896	896	899	899	963	963
963	6	1009	1008	897	897	962	962	1020	1020
964	7	956	956	898	898	901	901	965	965
965	7	1018	1017	898	898	964	964	966	966
966	7	1016	1015	899	899	965	965	967	967
967	7	1014	1013	899	899	966	966	1022	1022
968	6	969	969	959	959	1019	1019	903	903
969	6	1025	1025	968	968	1024	1024	903	903
970	6	1026	1027	903	903	1025	1025	971	971
971	6	1028	1029	903	903	970	970	904	904
972	7	973	973	904	904	1029	1029	905	905
973	7	1032	1032	972	972	1031	1030	906	906
974	7	1033	1033	906	906	1032	1032	907	907
975	7	1034	1035	907	907	1033	1033	909	909
976	7	1037	1038	909	909	1036	1035	910	910
977	8	1039	1039	910	910	1038	1038	978	978
978	8	1040	1040	910	910	977	977	979	979
979	7	1041	1042	911	911	1040	978	913	913
980	8	981	981	913	913	1042	1042	914	914
981	8	986	986	980	980	1043	1043	915	915
982	9	985	985	915	915	986	986	983	983
983	9	984	984	915	915	982	982	916	916
984	9	917	917	983	983	985	985	916	916
985	9	917	917	982	982	986	986	984	984
986	8	918	918	981	981	987	987	985	982
987	7	919	919	1044	1043	988	988	918	986
988	7	919	919	1045	1045	920	920	987	987
989	7	920	920	1047	1046	990	990	1045	1045
990	7	921	921	1048	1048	922	922	989	989
991	7	922	922	1049	1049	992	992	1048	1048
992	7	922	922	993	993	936	936	991	991
993	7	992	992	1050	1050	936	936	1049	1049
994	7	936	936	1051	1051	995	995	1050	1050
995	7	936	936	1053	1052	996	996	994	994
996	7	937	937	1055	1054	997	997	995	995
997	7	937	937	1056	1056	938	938	996	996
998	7	938	938	1057	1057	999	999	1056	1056
999	7	939	939	1059	1058	940	940	998	998
1000	7	940	940	1062	1061	1001	1001	1059	1060
1001	7	940	940	1063	1063	941	941	1000	1000
1002	7	941	941	1064	1064	1003	1003	1063	1063
1003	7	942	942	1064	1064	1004	1065	1002	1002
1004	8	943	943	1065	1065	1005	1005	1003	1003
1005	8	943	943	1006	1006	945	945	1004	1004
1006	8	1005	1005	1066	1066	945	945	1065	1065
1007	7	945	945	1067	1067	946	946	1066	1066
1008	7	946	946	963	963	1009	1009	1067	1067
1009	7	947	947	963	963	1023	1023	1008	1008
1010	7	948	948	1023	1023	1011	1068	947	947
1011	8	949	949	1068	1068	1012	1012	1010	1010
1012	8	949	949	1069	1069	950	950	1011	1011
1013	8	950	950	967	967	1014	1014	1069	1069
1014	8	951	951	967	967	1015	1015	1013	1013
1015	8	952	952	966	966	1016	1016	1014	1014
1016	8	953	953	966	966	1017	1017	1015	1015
1017	8	954	954	965	965	1018	1018	1016	1016
1018	8	955	955	965	965	956	956	1017	1017
1019	6	1024	1024	959	959	961	961	968	968
1020	6	1067	1070	960	960	963	963	1021	1021
1021	6	1064	1064	961	961	1020	1020	1024	1024
1022	7	1069	1068	962	962	967	967	1023	1023
1023	7	1010	1010	962	962	1022	1022	1009	1009
1024	6	1071	1072	1019	1019	1021	1021	969	969
1025	6	1074	1075	969	969	1073	1072	970	970
1026	7	1076	1076	970	970	1075	1075	1027	1027
1027	7	1077	1078	970	970	1026	1026	1028	1028
1028	7	1079	1080	971	971	1027	1027	1029	1029
1029	7	1081	1030	971	971	1028	1028	972	972
1030	8	1031	1031	1029	1029	1081	1081	973	973
1031	8	1051	1051	1030	1030	1082	1082	973	973
1032	7	1050	1050	973	973	1051	1051	974	974
1033	7	1049	1049	974	974	1050	1050	975	975
1034	8	1083	1083	975	975	1049	1049	1035	1035
1035	8	1036	1036	975	975	1034	1034	976	976
1036	8	1048	1048	1035	1035	1083	1083	976	976
1037	8	1047	1047	976	976	1048	1048	1038	1038
1038	8	1046	1046	976	976	1037	1037	977	977
1039	8	1045	1045	977	977	1046	1046	1040	1040
1040	8	1045	1045	978	978	1039	1039	979	979
1041	8	1044	1044	979	979	1045	1045	1042	1042
1042	8	1043	1043	979	979	1041	1041	980	980
1043	8	987	987	1042	1042	1044	1044	981	981
1044	8	987	987	1041	1041	1045	1045	1043	1043
1045	7	988	988	1039	1040	989	989	1044	1041
1046	8	989	989	1038	1038	1047	1047	1039	1039
1047	8	989	989	1037	1037	1048	1048	1046	1046
1048	7	990	990	1083	1036	991	991	1047	1037
1049	7	991	991	1033	1033	993	993	1083	1034
1050	7	993	993	1032	1032	994	994	1033	1033
1051	7	994	994	1082	1031	1052	1084	1032	1032
1052	8	995	995	1084	1084	1053	1053	1051	1051
1053	8	995	995	1085	1085	1054	1054	1052	1052
1054	8	996	996	1086	1086	1055	1055	1053	1053
1055	8	996	996	1087	1087	1056	1056	1054	1054
1056	7	997	997	1076	1076	998	998	1055	1087
1057	7	998	998	1075	1075	1058	1088	1076	1076
1058	8	999	999	1088	1088	1059	1059	1057	1057
1059	8	999	999	1060	1060	1000	1000	1058	1058
1060	8	1059	1059	1074	1074	1000	1000	1088	1088
1061	8	1000	1000	1089	1089	1062	1062	1074	1074
1062	8	1000	1000	1090	1090	1063	1063	1061	1061
1063	7	1001	1001	1091	1091	1002	1002	1062	1090
1064	6	1003	1002	1021	1021	1066	1070	1091	1071
1065	8	1004	1004	1066	1066	1006	1006	1003	1003
1066	7	1006	1065	1070	1070	1007	1007	1064	1064
1067	7	1007	1007	1020	1020	1008	1008	1070	1070
1068	8	1011	1011	1022	1022	1069	1069	1010	1010
1069	8	1012	1012	1022	1022	1013	1013	1068	1068
1070	7	1066	1066	1020	1020	1067	1067	1064	1064
1071	7	1091	1091	1024	1024	1064	1064	1072	1072
1072	7	1073	1073	1024	1024	1071	1071	1025	1025
1073	7	1090	1089	1072	1072	1091	1091	1025	1025
1074	7	1060	1088	1025	1025	1061	1089	1075	1075
1075	7	1057	1057	1025	1025	1074	1074	1026	1026
1076	7	1056	1056	1026	1026	1057	1057	1092	1077
1077	8	1092	1092	1027	1027	1076	1076	1078	1078
1078	8	1093	1094	1027	1027	1077	1077	1079	1079
1079	8	1095	1095	1028	1028	1078	1078	1080	1080
1080	8	1096	1097	1028	1028	1079	1079	1081	1081
1081	8	1082	1082	1029	1029	1080	1080	1030	1030
1082	8	1051	1051	1081	1081	1098	1097	1031	1031
1083	8	1048	1048	1034	1034	1049	1049	1036	1036
1084	8	1052	1052	1099	1098	1085	1085	1051	1051
1085	8	1053	1053	1095	1095	1086	1086	1084	1084
1086	8	1054	1054	1101	1100	1087	1087	1085	1085
1087	8	1055	1055	1092	1092	1056	1056	1086	1086
1088	8	1058	1058	1074	1074	1060	1060	1057	1057
1089	8	1061	1061	1073	1073	1090	1090	1074	1074
1090	8	1062	1062	1073	1073	1063	1063	1089	1089
1091	7	1063	1063	1071	1071	1064	1064	1073	1073
1092	8	1087	1087	1077	1077	1076	1076	1101	1093
1093	9	1101	1101	1078	1078	1092	1092	1094	1094
1094	9	1100	1100	1078	1078	1093	1093	1095	1095
1095	8	1085	1085	1079	1079	1100	1094	1099	1096
1096	9	1099	1099	1080	1080	1095	1095	1097	1097
1097	9	1098	1098	1080	1080	1096	1096	1082	1082
1098	9	1084	1084	1097	1097	1099	1099	1082	1082
1099	9	1084	1084	1096	1096	1095	1095	1098	1098
1100	9	1086	1086	1094	1094	1101	1101	1095	1095
1101	9	1086	1086	1093	1093	1092	1092	1100	1100
